################################################################################
# Symmetry function scaling data.
################################################################################
# Col  Name     Description
################################################################################
# 1    e_index  Element index.
# 2    sf_index Symmetry function index.
# 3    sf_min   Symmetry function minimum.
# 4    sf_max   Symmetry function maximum.
# 5    sf_mean  Symmetry function mean.
# 6    sf_sigma Symmetry function sigma.
#########################################################################################################################
#        1          2                        3                        4                        5                        6
#  e_index   sf_index                   sf_min                   sf_max                  sf_mean                 sf_sigma
#########################################################################################################################
         1          1   1.0009128948772391E-02   6.2911266314722081E-01   2.4040017283603940E-01   1.1063105563435577E-01
         1          2   3.1457215547829570E-01   8.4018826014173387E-01   4.6031695120328725E-01   7.9250324634522973E-02
         1          3   0.0000000000000000E+00   1.3557114887012048E-01   4.1789223622530056E-02   2.8411864697746519E-02
         1          4   1.0258180850922493E-02   2.2645467872825109E-01   1.0193847747362120E-01   4.0699714488745452E-02
         1          5   4.2600875266591641E-02   3.6389422642243408E-01   1.2025172853240397E-01   4.9453613771417632E-02
         1          6   0.0000000000000000E+00   4.8962367650088275E-02   1.7974402754425297E-02   1.0235242543588130E-02
         1          7   4.2720073452435980E-03   1.1549873636841021E-01   4.2216165628048162E-02   1.8763149529057003E-02
         1          8   7.2267916532639635E-03   1.9730573676305407E-01   5.3844744748315257E-02   3.0643314573377881E-02
         1          9   0.0000000000000000E+00   8.1130540149324651E-02   1.3905638471969586E-02   1.3867812834007839E-02
         1         10   6.6186971833262945E-05   4.7918944621354553E-01   1.4690217615182569E-01   7.1282225671624649E-02
         1         11   3.0690560465315717E-03   1.7036448490505068E-01   6.3267966158941591E-02   2.7638159280835736E-02
         1         12   6.6835632417638060E-03   3.0042839726714421E-01   7.2298022204100407E-02   4.3384514425053276E-02
         1         13   4.9072719551376245E-04   9.7157240543366732E-02   2.5357533048357108E-02   1.4001912276352696E-02
         1         14   2.9386979109309562E-03   1.4492853322291896E-01   3.6528450887354728E-02   2.2661709018687203E-02
         1         15   0.0000000000000000E+00   2.8356112012329591E-02   5.7456637547002188E-03   5.2429730075277455E-03
         1         16   1.3941515822029568E-03   1.4722233412957059E-02   5.3361245234561320E-03   1.6030852578386922E-03
         1         17   1.5434339884643586E-02   8.2316731079060720E-02   4.0528790612309330E-02   8.5765945618067590E-03
         1         18   1.7589541840562900E-20   1.3112778441339536E-02   6.1014392644812183E-04   7.4617595005530848E-04
         1         19   7.9762638515019621E-02   2.1516246386874319E-01   1.4488791808764587E-01   1.8065354061102868E-02
         1         20   3.0951289584306607E-17   7.6644209328605217E-02   6.4591444824100815E-03   6.4915863590116734E-03
         1         21   1.9352729405391031E-01   2.6484025829051389E-01   2.4514608677945177E-01   9.5625829427707799E-03
         1         22   2.5964501191166905E-14   2.2215757110644718E-01   3.3633117564935783E-02   2.8543612715035270E-02
         1         23   1.5650279628547184E-01   2.2392504432407001E-01   1.9834035709951076E-01   9.2101370213712227E-03
         1         24   0.0000000000000000E+00   2.3304790365391028E-03   4.5488072252817508E-05   8.5904129789556147E-05
         1         25   1.0105952144261881E-11   3.5756864052672427E-01   8.7426920402091893E-02   6.5065645917733991E-02
         1         26   5.2958417056378965E-02   1.6354667514713886E-01   9.3982593983866214E-02   1.2672790430176547E-02
         1         27   0.0000000000000000E+00   1.7223283650109555E-02   6.8976730688385338E-04   1.0329372013291522E-03
         1         28   1.8518836758630688E-09   4.8078982720530589E-01   1.2328444853568590E-01   8.2534254174951138E-02
         1         29   2.1757500580627455E-02   2.8003614872572191E-01   8.7514829044082740E-02   3.2367058718111907E-02
         1         30   1.5979821146612629E-07   4.7280646323192199E-01   1.2064989498327727E-01   7.0721274451263472E-02
         1         31   3.4825672687837719E-02   4.2687536731443082E-01   1.3841919413525114E-01   5.0626287436185059E-02
         1         32   0.0000000000000000E+00   9.7321021668039423E-02   1.8957860627463782E-02   1.9182253261599145E-02
         1         33   6.5385816251412098E-06   4.0730149570782376E-01   1.1409929667588302E-01   5.8130685645961286E-02
         1         34   5.2253002893899482E-02   4.1587124774773720E-01   1.3753107234642445E-01   4.9146324130349854E-02
         1         35   0.0000000000000000E+00   1.3635193258219053E-01   3.4836295118821366E-02   3.0368544460522763E-02
         1         36   1.2501140664886886E-04   3.1477616600893488E-01   9.7153282307228944E-02   4.3408020144520512E-02
         1         37   1.2112804175486389E-02   4.1857581368529873E-01   9.6186190675174560E-02   4.7646241087981718E-02
         1         38   0.0000000000000000E+00   1.1044514245110446E-01   3.2928223492007185E-02   2.5298969881240169E-02
         1         39   5.4096578548389952E-04   1.9167711089902870E-01   6.2568688869663797E-02   2.8546546952156516E-02
         1         40   2.5517014564632335E-03   3.1017917134708684E-01   6.5759859210431940E-02   4.3626701545183826E-02
         1         41   0.0000000000000000E+00   7.1745380800131028E-02   1.7971053765298298E-02   1.2899328421323505E-02
         1         42   1.5487253445717577E-04   1.2269741508792956E-01   3.2697198710035152E-02   1.9308465995209117E-02
         1         43   1.2284459919913123E-03   2.0572905945303396E-01   4.3841390195667594E-02   3.0748315593492632E-02
         1         44   0.0000000000000000E+00   4.2878657108353341E-02   7.5372902729331547E-03   7.5564832260454403E-03
         1         45   4.1797421401670530E-05   8.2130555445722564E-02   1.5656485534336247E-02   1.0801118507381642E-02
         1         46   8.4614781966069034E-04   1.1473125831114546E-01   2.6001953515529093E-02   1.6411079729760171E-02
         1         47   0.0000000000000000E+00   2.3472504735606886E-02   3.1886177457132693E-03   4.3877636582009263E-03
         1         48   1.7506531240736617E-01   1.1117048950576784E+00   5.6164312863949017E-01   1.9282709439789888E-01
         1         49   4.0968629329748701E-01   1.6021571028351123E+00   7.5647588615246120E-01   2.3365447183108645E-01
         1         50   1.1991926163481178E-06   2.6211125333717911E-01   1.1318070945359697E-01   3.9598696436706216E-02
         1         51   1.7820654231540625E-02   1.9912999603816683E-01   8.1928623099710732E-02   2.5733825427488255E-02
         1         52   2.5704721700583553E-02   2.0119242911316984E-01   9.4857595724142166E-02   3.0060589559006829E-02
         1         53   3.2109460536666473E-07   6.3770753598143215E-02   1.4793756184405355E-02   1.2104977741775705E-02
         1         54   5.8970470574459463E-03   1.4208198395632832E-01   5.6881082397377089E-02   1.8133739011184126E-02
         1         55   9.9932906171375773E-03   6.7686636855758175E-01   2.0669738213825856E-01   9.7139265100951624E-02
         1         56   7.4490192792563539E-02   9.1664572653657461E-01   2.9872837657534718E-01   1.5004446716018399E-01
         1         57   7.8635134643251390E-15   2.8108863490855368E-01   3.7185332692193665E-02   3.5471441000133552E-02
         1         58   2.7988596677077904E-03   4.9952959280498233E-01   1.6565021046028777E-01   7.2860335320957384E-02
         1         59   7.0266396967554670E-02   5.9440533413896546E-01   2.1457124073636527E-01   9.5636089858448528E-02
         1         60   1.1417847699325528E-12   2.1927698484768973E-01   2.5342883359700915E-02   2.9032558226521551E-02
         1         61   5.8327110648873619E-03   3.8888440705799032E-01   1.2075778596144891E-01   5.0248175170717488E-02
         1         62   2.7601670220874102E-02   3.6116249202909212E-01   1.4161502220463748E-01   5.7794660156995435E-02
         1         63   7.7284443712239901E-11   1.4214042248404729E-01   1.9065999609662706E-02   1.9864945463932547E-02
         1         64   6.6599161173408169E-03   2.2695631119702009E-01   7.5191513647543270E-02   2.8592486583197890E-02
         1         65   1.1069482363259470E-02   2.1480344573044413E-01   8.6485979722809539E-02   3.3353939752085844E-02
         1         66   2.4666122224337577E-09   7.6098131051932902E-02   1.3586780728415718E-02   1.2573706392257944E-02
         1         67   1.4328776128157872E-03   1.0888436972490867E-01   4.0189205913541831E-02   1.3727498618808629E-02
         1         68   1.5264491024703504E-03   1.1948241143672589E-01   4.4816189813479172E-02   1.7068116799120112E-02
         1         69   7.4988750094404579E-11   4.3530439969587581E-02   8.1136492703726346E-03   7.6516136649404549E-03
         1         70   0.0000000000000000E+00   4.4505817418531227E-03   3.6562864797054192E-04   4.4524029164102601E-04
         1         71   2.6342771549871731E-05   1.3586315714530324E-02   3.8105071253153769E-03   2.0219502306923847E-03
         1         72   3.7608279533616701E-04   6.8754567286122038E-03   2.0907973865582283E-03   8.5347954856637665E-04
         1         73   0.0000000000000000E+00   8.8839452010563095E-03   1.0151622419780080E-03   1.1401099745915447E-03
         1         74   1.2597580574763120E-04   4.9600672498559706E-02   1.9596219587387689E-02   1.0364925788691890E-02
         1         75   0.0000000000000000E+00   2.4122942354489526E-03   5.0428874833183040E-04   4.8259265659877834E-04
         1         76   4.9660225170307598E-03   3.0226189069005659E-02   1.4057752476371539E-02   5.0340643216763006E-03
         1         77   0.0000000000000000E+00   6.8024621842551090E-03   2.3787445571867702E-03   1.8814738794578610E-03
         1         78   0.0000000000000000E+00   3.8444129341581000E-03   5.1105959706997290E-04   5.5847858252449398E-04
         1         79   8.6993888467722867E-05   3.2316394693635328E-02   1.3116179895463988E-02   7.1208205341957466E-03
         1         80   0.0000000000000000E+00   4.1264004300883752E-03   1.4130668519698362E-03   1.1334081428746739E-03
         1         81   1.0285866159738055E-08   4.8544605691692036E-03   8.8175429503880394E-05   2.3519524148200589E-04
         1         82   0.0000000000000000E+00   1.9682782024870353E-03   2.6390229249331244E-04   2.8151141841407793E-04
         1         83   6.5635139886757550E-05   2.1699208881747995E-02   8.6516957421169157E-03   4.7138354797535724E-03
         1         84   1.7235288565798073E-03   1.5352737332750381E-02   6.2917909254127102E-03   2.6104553144409644E-03
         1         85   5.7262830814124971E-05   3.6353531107353683E-02   1.4711516264769631E-02   8.1172998793852032E-03
         1         86   0.0000000000000000E+00   3.4388193381332311E-03   2.9261659321897160E-04   3.6045375744006027E-04
         1         87   2.3855029540512484E-03   1.4509871605034887E-02   6.9422004339034869E-03   2.6259721259192102E-03
         1         88   1.0753079823008155E-05   1.1626613070240519E-02   4.6800796972561072E-03   2.7754540358686051E-03
         1         89   2.4913253865058474E-06   1.3470183730016632E-02   5.4841326024169020E-03   3.4767118291561231E-03
         1         90   1.4556467043654825E-07   1.9158291323606930E-01   2.6352329422833404E-02   2.6609231031506687E-02
         1         91   2.3835925543422105E-03   4.5457801138790127E-01   8.2586460571515419E-02   7.0608645095102548E-02
         1         92   0.0000000000000000E+00   5.2972834248724412E-02   8.9161653519037251E-03   7.6562590198408376E-03
         1         93   3.1061499932204212E-03   3.3458811136360433E-01   3.7881760766662713E-02   4.0623729341105440E-02
         1         94   0.0000000000000000E+00   9.6750479915481719E-02   1.0721743757302818E-02   7.7536742675308225E-03
         1         95   0.0000000000000000E+00   7.9092392306782007E-03   1.1056922970952693E-04   4.9833227138599504E-04
         1         96   3.8107186380556859E-06   1.3478409856783968E-01   2.1011450409292552E-02   2.0048351113034383E-02
         1         97   4.4937588457849400E-03   4.0570907683297447E-01   1.4689123721940558E-01   7.1749445189380229E-02
         1         98   0.0000000000000000E+00   4.6296553477536695E-02   1.0961858297908477E-02   9.3806598080582067E-03
         1         99   3.3484469243646391E-02   2.8256703523302712E-01   1.0351210661690570E-01   3.9363372670062680E-02
         1        100   0.0000000000000000E+00   7.4037779109847893E-02   2.5357406834469767E-02   1.7287316480630019E-02
         1        101   5.9490858939553816E-05   2.3640610344871726E-01   2.2133530454084827E-02   3.4503397124279307E-02
         1        102   1.7658896690000098E-17   6.6171203443048901E-02   6.0567194335322530E-03   8.9113346586945138E-03
         1        103   6.8249232768218280E-07   1.6373432104786675E-01   1.0564562633058191E-02   2.1429654965976919E-02
         1        104   0.0000000000000000E+00   2.6883213506367180E-02   1.2528609627143045E-03   2.4776533102748811E-03
         1        105   5.8148960870721715E-10   1.4528963619385085E-01   3.9828562020665032E-03   1.1295234865236974E-02
         1        106   0.0000000000000000E+00   3.3073740816853409E-02   6.2622589623249404E-04   1.5072149285872529E-03
         1        107   1.4953614143050973E-03   1.1932270066977273E+00   2.6097628432164077E-01   2.3115326098295005E-01
         1        108   6.6033073703544221E-02   3.3877488713312847E+00   7.0093914941243207E-01   6.4065500366850359E-01
         1        109   2.0955296451465518E-07   4.0941652106965448E-01   9.8347276397129590E-02   6.2108748419755229E-02
         1        110   2.8557604319806810E-02   2.5996682943798328E+00   3.7340081571490713E-01   4.3084640786232553E-01
         1        111   1.9580683174464437E-07   6.7943403172583428E-01   1.2630392465503698E-01   8.8176864509915714E-02
         1        112   0.0000000000000000E+00   5.4350852858719850E-02   4.5179635095274626E-03   6.8660961201861452E-03
         1        113   2.2041293276962307E-02   1.0154525988981831E+00   2.9287292847560570E-01   1.9287691267936305E-01
         1        114   2.5063633466490565E-01   3.3534325498726107E+00   1.1543640335296006E+00   5.4541961961392060E-01
         1        115   6.4354495606039925E-07   3.7724319152944252E-01   1.3174133157542711E-01   6.3051034452694762E-02
         1        116   2.7621755053358510E-01   2.3730005802767433E+00   8.0522903785239064E-01   3.5371581475883634E-01
         1        117   1.8899658751298642E-06   6.4383820851717122E-01   2.1280460010577865E-01   8.6452092780882159E-02
         1        118   1.3849282148042849E-01   1.2792919321485761E+00   5.5288288891289528E-01   2.1285564728928363E-01
         1        119   3.7518456545328787E-07   1.4332201947765738E-01   5.1401836489115761E-02   2.2828770057036835E-02
         1        120   1.3890086752104673E-10   3.6874458904596202E-01   5.0193806891907319E-02   6.6376139280689458E-02
         1        121   2.9575958199027573E-05   8.9939424438642956E-01   9.2834034685896641E-02   1.6904851241002405E-01
         1        122   5.0903776985510414E-10   1.4952703548953450E-01   1.5507987276625761E-02   2.2229712420504779E-02
         1        123   3.6253920170508751E-07   8.9979997806240641E-01   4.4311968871842834E-02   1.1375255823290249E-01
         1        124   4.0878195904801306E-12   2.3063859771189812E-01   1.2612269025689706E-02   2.4226378795542111E-02
         1        125   4.2090019013403032E-03   1.8440791911655921E-01   6.5181962792749890E-02   3.5106289812583957E-02
         1        126   8.5034630406762096E-02   7.0684621058130925E-01   3.2495975513345993E-01   1.1884712177756611E-01
         1        127   1.2613787436822807E-01   6.6431322053977615E-01   2.8378696861008229E-01   8.4891477937154444E-02
         1        128   1.1921376356469350E-06   1.2321302290240571E-01   4.9895085621436040E-02   1.9308460115880915E-02
         2          1   4.7900715777474904E-03   8.7662862457519142E-01   4.6031695120328708E-01   2.0698334220750783E-01
         2          2   2.2818131075496373E-01   8.7271373658106044E-01   5.4072864640089502E-01   1.7656527662782795E-01
         2          3   0.0000000000000000E+00   1.5638361176665969E-01   5.1802096060663161E-02   3.8291013105852430E-02
         2          4   4.6222425131918054E-03   1.6754442980805551E-01   8.1239028030362287E-02   2.9536113905762679E-02
         2          5   5.2712669086137927E-02   1.7200083870116284E-01   8.9544623197011813E-02   1.5774553828836125E-02
         2          6   0.0000000000000000E+00   6.0033661113496589E-02   1.6000230105458757E-02   1.2048306997703404E-02
         2          7   1.2822542318760434E-03   1.8488262633795682E-01   7.2298022204100379E-02   3.0932035001050989E-02
         2          8   4.7115589731938835E-02   1.6994244268063935E-01   8.5599058502461398E-02   1.5978514290994384E-02
         2          9   7.1616361645451029E-04   1.0791695857204664E-01   3.6528450887354715E-02   1.7344733118334864E-02
         2         10   1.0097694469915465E-02   9.2930678650759324E-02   2.9805489153345417E-02   1.0547698892171890E-02
         2         11   0.0000000000000000E+00   2.7879570515307310E-02   6.1398302832578111E-03   6.1337388661210765E-03
         2         12   7.6362036761662585E-31   2.1700543189648855E-02   5.3361245234561268E-03   4.5264645039127874E-03
         2         13   9.9147975723514099E-27   1.3369730338102059E-01   4.0528790612309323E-02   3.3530298321162617E-02
         2         14   5.6792457241822876E-05   1.0635258937317526E-02   3.7002446910257025E-03   2.2930148623369145E-03
         2         15   5.9329604344415418E-23   3.8583451371252964E-01   1.4488791808764589E-01   1.1823367541942074E-01
         2         16   1.2323896515348497E-03   8.1055121234181945E-02   3.3903856793612519E-02   1.9176384676711816E-02
         2         17   1.6693809427115283E-19   5.2412538259675434E-01   2.4514608677945171E-01   1.9943800697717756E-01
         2         18   1.2554202034688499E-02   3.1561030508198812E-01   1.4948446925141601E-01   7.6468129568743701E-02
         2         19   0.0000000000000000E+00   3.4628297801681050E-02   2.6873000609176486E-03   4.9092217623227675E-03
         2         20   2.2396755022034361E-16   4.3818350869935030E-01   1.9834035709951051E-01   1.6009558993435802E-01
         2         21   6.0182474642581731E-02   5.8417475705407040E-01   3.1881349865702224E-01   1.4753276886382019E-01
         2         22   0.0000000000000000E+00   1.4793409807897595E-01   1.5700466671764390E-02   2.5828587489543815E-02
         2         23   1.3915850490243184E-13   2.6317626999240729E-01   9.3982593983866172E-02   5.9721394148538491E-02
         2         24   1.3495101599664786E-01   5.4531895734117797E-01   3.3104319114743763E-01   1.4225106932872628E-01
         2         25   0.0000000000000000E+00   2.9580381607365269E-01   4.4159368949082727E-02   6.5636189907347875E-02
         2         26   4.0667060574400695E-11   3.7234400194308026E-01   8.7514829044082684E-02   6.9647295932170075E-02
         2         27   6.9745515012170176E-02   3.2806444277306956E-01   1.8280212651870217E-01   7.1723055405436581E-02
         2         28   0.0000000000000000E+00   2.8504528702538445E-01   6.0443244661426289E-02   8.2073222081841202E-02
         2         29   5.5900913697800103E-09   5.1865810352902131E-01   1.3841919413525114E-01   1.2232242451481158E-01
         2         30   2.7176760012751641E-02   2.2830726479118527E-01   1.0992335989548604E-01   3.5596731461256199E-02
         2         31   0.0000000000000000E+00   1.8924703261937917E-01   4.2149335022398440E-02   5.0409324664352613E-02
         2         32   3.6426504734587383E-07   4.1442254075696139E-01   1.3753107234642445E-01   1.0139389497649598E-01
         2         33   1.8641429607142688E-02   2.9500583190726681E-01   1.4382986836262274E-01   5.7825880538235036E-02
         2         34   0.0000000000000000E+00   9.3221946892138377E-02   2.1464755434122431E-02   1.7837993689118047E-02
         2         35   1.1063943579477677E-05   2.6060902508823408E-01   9.6186190675174602E-02   4.7653382345114334E-02
         2         36   3.3082470960248078E-02   2.7073950535370611E-01   1.4703856962153081E-01   4.5198352660054147E-02
         2         37   0.0000000000000000E+00   1.0665205611030265E-01   1.7937298750792498E-02   2.3880022614687090E-02
         2         38   1.5810182393447082E-04   1.9066555159408230E-01   6.5759859210431953E-02   3.2959938804706407E-02
         2         39   3.9743037634334386E-02   1.8042175263130034E-01   8.8890884013642757E-02   1.8215087211250373E-02
         2         40   0.0000000000000000E+00   7.5606326365450394E-02   1.5524195303715892E-02   1.9947342545018454E-02
         2         41   3.2026538492113720E-04   1.3593111313695128E-01   4.3841390195667587E-02   2.2879270885368133E-02
         2         42   9.9672933830046925E-03   1.0853696122155540E-01   3.7704138132273135E-02   1.1749275543599167E-02
         2         43   0.0000000000000000E+00   4.1984295012531897E-02   8.6313694015217879E-03   9.5204941603925577E-03
         2         44   3.5216079767867539E-05   9.2628241146434073E-02   2.6001953515529103E-02   1.3885536985360089E-02
         2         45   1.3340478016725000E-03   7.1556092298842036E-02   1.6598372680525088E-02   1.0287159637504192E-02
         2         46   0.0000000000000000E+00   2.2982547302483832E-02   3.5680270656706444E-03   3.9869695502352948E-03
         2         47   2.5490899140171108E-01   1.1525119497701861E+00   7.5647588615246086E-01   1.7061334466070041E-01
         2         48   5.3678288112155659E-01   1.3688124657603953E+00   8.4283073575787426E-01   1.5926763046826231E-01
         2         49   7.3374801547896589E-03   2.9528596525825185E-01   1.4694023804221101E-01   5.7089310777882686E-02
         2         50   2.5087628350942935E-02   1.8308940700836690E-01   9.4857595724142138E-02   2.4514117683567344E-02
         2         51   1.1196089412258158E-02   1.8192823362887162E-01   9.6530767136927681E-02   3.2723805547291165E-02
         2         52   4.1667408743485626E-06   6.7197448741539739E-02   1.9425721449936116E-02   1.1152630576041964E-02
         2         53   4.8174142633405394E-02   7.8567556619979106E-01   2.9872837657534718E-01   1.1797736262748165E-01
         2         54   5.3955323315598748E-02   8.0982773473551817E-01   2.6093605433733563E-01   1.1768502299316051E-01
         2         55   1.6938381462249350E-06   1.7992253309189493E-01   4.4979216411928986E-02   4.1030767960036164E-02
         2         56   2.4712753196798370E-02   4.9123376871335250E-01   2.1457124073636522E-01   7.5147368181200144E-02
         2         57   2.3763635987571020E-02   5.6085690271508448E-01   2.1532127970834730E-01   9.8517392367516846E-02
         2         58   1.8188460440985902E-06   1.8412066820209963E-01   3.6178088408853545E-02   3.4317968769455295E-02
         2         59   1.3707675358983451E-02   3.1538118252435232E-01   1.4161502220463756E-01   5.0087956132057999E-02
         2         60   8.7871818724954871E-03   3.4203659662717734E-01   1.5065480977089141E-01   6.2930306028716423E-02
         2         61   1.8274454947034293E-08   1.2850059799998723E-01   2.7748331006796526E-02   2.3000436774188254E-02
         2         62   8.1565438837842164E-03   1.9286560967544933E-01   8.6485979722809511E-02   2.8960914003492388E-02
         2         63   1.6359052899630826E-03   2.0244613221386112E-01   8.8255972003479954E-02   3.4105023767828500E-02
         2         64   7.8675419064252397E-11   8.5420578139647180E-02   1.7626380243965064E-02   1.2563643216228160E-02
         2         65   8.2293906909249167E-04   1.0105050301898845E-01   4.4816189813479172E-02   1.4373415045653322E-02
         2         66   2.1440656490136293E-04   1.0247818877546952E-01   4.4735506177302028E-02   1.6334016530136945E-02
         2         67   1.5702198397506656E-13   4.5746716384287747E-02   9.9199728290663980E-03   6.9265228326685921E-03
         2         68   0.0000000000000000E+00   2.3310748641536986E-02   5.9393710884222024E-03   6.9590724033508685E-03
         2         69   9.1805244133946335E-06   3.1225004638942764E-02   1.1821610639861473E-02   6.9767043147472277E-03
         2         70   0.0000000000000000E+00   8.3889576145986747E-03   1.7119466271176388E-03   2.3616677670522733E-03
         2         71   1.1712776373246329E-04   1.5574951571114579E-02   5.4479962028839372E-03   4.4505628067967066E-03
         2         72   0.0000000000000000E+00   2.3729563132128217E-02   5.7639922679293262E-03   5.2291187564905270E-03
         2         73   1.8210780332429815E-04   4.9173619212493760E-02   2.0475489085998069E-02   1.1605112603525267E-02
         2         74   0.0000000000000000E+00   5.7425783030651311E-03   1.1630545192960686E-03   1.3573495725947001E-03
         2         75   1.9095944765039580E-03   2.6920167496409617E-02   1.3447755470250318E-02   5.6744487870128858E-03
         2         76   0.0000000000000000E+00   9.5647900453290999E-03   2.2521568461798089E-03   2.1543672526787741E-03
         2         77   1.3508062276865293E-07   8.9946196438757189E-03   3.6659399448781944E-03   2.3986154953975908E-03
         2         78   0.0000000000000000E+00   8.4045126911834484E-03   1.5526410411304918E-03   1.2718176414956168E-03
         2         79   0.0000000000000000E+00   5.7713659047346792E-03   6.5264616441955555E-04   6.4542725078312014E-04
         2         80   1.4925260969903903E-04   2.7417135093907370E-02   9.5051206317661556E-03   7.1190276698015649E-03
         2         81   1.1817674535250042E-03   1.3149677975247298E-02   6.4284497204958038E-03   2.3808879047331095E-03
         2         82   0.0000000000000000E+00   8.1320285038962402E-03   1.8295185613662057E-03   2.4247517554798676E-03
         2         83   9.9196447910562542E-06   3.5066006844003894E-01   1.0217161838475418E-01   9.0759380884123844E-02
         2         84   1.4992115152826161E-03   5.2062873008114696E-01   2.7064552139502007E-01   1.0875358208183306E-01
         2         85   0.0000000000000000E+00   1.5894733007223366E-01   4.0899372556531470E-02   4.3321127519359029E-02
         2         86   5.1481669963613572E-03   3.8067026175960283E-01   1.2590803493906827E-01   1.0912292661486325E-01
         2         87   0.0000000000000000E+00   2.0360873367927854E-01   4.2255883814278729E-02   4.0286743374469143E-02
         2         88   0.0000000000000000E+00   4.1172132310380159E-02   2.2024814381396366E-03   8.1387086937513044E-03
         2         89   1.5115558093576524E-06   2.6991756163690417E-01   7.5783332756749477E-02   5.6281238425552382E-02
         2         90   2.6902149523377402E-03   3.9593850619660159E-01   1.9001428494103517E-01   8.5241049021183554E-02
         2         91   0.0000000000000000E+00   9.1988720210484265E-02   2.3563090707509685E-02   2.3701915986866339E-02
         2         92   1.5916169039629603E-02   2.5213794617308727E-01   1.1910187510151017E-01   5.6938343605123107E-02
         2         93   0.0000000000000000E+00   1.1118684746915924E-01   3.0331168430500141E-02   2.4587649917082247E-02
         2         94   0.0000000000000000E+00   6.7251005399474262E-02   1.5424312232749910E-02   1.5435076223075663E-02
         2         95   0.0000000000000000E+00   1.1370678958055083E-01   1.9272495484896939E-02   2.0898584213320141E-02
         2         96   8.1325367094140895E-10   7.8556939568676223E-02   1.7703538459811371E-02   1.2267232858125159E-02
         2         97   1.3571134300879850E-03   1.6758104616345801E-01   6.9586695399766293E-02   3.9539173493062067E-02
         2         98   3.7639128648411450E-06   8.6865818653689100E-02   1.8413661750621767E-02   1.6658178344515065E-02
         2         99   1.5273004104251467E-04   1.6113352304757828E-01   6.7346054864004856E-02   3.7897356692493493E-02
         2        100   0.0000000000000000E+00   3.9281029100880535E-02   6.7915924537348448E-03   6.9079998840798030E-03
         2        101   2.9847467572274424E-06   1.2583721990884453E-01   2.6595406672546749E-02   3.0978074494378536E-02
         2        102   0.0000000000000000E+00   7.8620607578285859E-02   1.0973977203921513E-02   1.4445357295082405E-02
         2        103   0.0000000000000000E+00   1.9306109220852592E-02   6.3925961759636813E-04   2.4947055670912887E-03
         2        104   2.0497758781153147E-02   1.4605208482333547E+00   6.2221951779516171E-01   3.2279066074964441E-01
         2        105   1.4085621292371106E-01   2.8983941768027917E+00   1.4655330686345196E+00   5.4339096709165702E-01
         2        106   6.7371560456438249E-03   5.4948676888086201E-01   2.5277675712369713E-01   1.1557071268317681E-01
         2        107   9.4808989922141526E-02   2.0759503234936076E+00   6.4880037305176508E-01   4.2365067968946885E-01
         2        108   3.0419646382018142E-03   9.0942552530795251E-01   2.8157651345724272E-01   1.6042928932739506E-01
         2        109   0.0000000000000000E+00   1.2236513212441630E-01   1.4248263909794140E-02   2.2837906962806957E-02
         2        110   3.3572711635124874E-02   1.3114778914829925E+00   5.5684108370544882E-01   2.4728046414544350E-01
         2        111   3.9022813376389826E-01   2.9264897427001166E+00   1.4532236479258556E+00   4.6318067307043820E-01
         2        112   5.5061156762245813E-03   4.1664608258689223E-01   1.9424202979844130E-01   7.6364384599320420E-02
         2        113   2.8052494720824145E-01   1.9156150610472538E+00   8.4751604831748406E-01   2.6618574779464615E-01
         2        114   1.1803104055940471E-02   6.7217426238676081E-01   2.5205696792937743E-01   1.1858068026869534E-01
         2        115   5.7062702655531067E-03   6.2693336376917064E-01   2.4664719290625137E-01   1.3898945667822676E-01
         2        116   2.8889028253542316E-02   1.3592589160633621E+00   6.1150371085791522E-01   2.4548102336956235E-01
         2        117   3.5760995025316831E-03   8.5180226225636768E-01   2.3357726760810268E-01   2.1154814390111093E-01
         2        118   2.5960937685912296E-03   1.6908721548906869E-01   6.0094976696278640E-02   2.2774086933458376E-02
         2        119   2.2944661679468129E-03   3.6565815776382810E-01   1.3762522474605160E-01   7.8992854904107346E-02
         2        120   1.0215838850960885E-02   8.7405610593749605E-01   3.4999474042004003E-01   1.5925927907316029E-01
         2        121   1.8268368532838389E-03   1.8820818817687163E-01   6.0445673970982189E-02   4.5822023726486694E-02
         2        122   7.3220123576992762E-05   5.3212782765064681E-01   1.2107197261915652E-01   1.2789910489633194E-01
         2        123   9.0624602371758463E-06   3.2057791740889235E-01   7.4544385576087488E-02   7.0626619255576256E-02
         2        124   0.0000000000000000E+00   5.1527833373433356E-02   3.9113832100058747E-03   7.3912995694512896E-03
         2        125   8.7661350034031575E-03   2.7818609798085003E-01   8.8209165071435280E-02   4.2583334360719351E-02
         2        126   1.6408850912302603E-01   7.5922998223997462E-01   3.8169353417211144E-01   1.1468963274973931E-01
         2        127   1.2339358481815292E-01   4.2028922555225301E-01   2.5912171260335159E-01   4.0607002910113529E-02
         2        128   6.0328584754917331E-03   1.5565772896057065E-01   5.9991470420701805E-02   3.1640093374550850E-02
         3          1   3.6875092773531216E-02   4.1667348289877126E-01   1.8805150630138531E-01   1.2836885427420194E-01
         3          2   2.7867236188400180E-01   4.2723298823168715E-01   3.6079640761787179E-01   2.5223810420015782E-02
         3          3   0.0000000000000000E+00   2.3504976005601926E-02   6.7657932916849305E-03   6.9198167817134419E-03
         3          4   1.8303004166523289E-02   1.9390452049264953E-01   8.0884812394913838E-02   5.5521643458829109E-02
         3          5   5.8192237737614484E-02   1.2060694066021956E-01   7.2001035474564434E-02   1.1757150628199375E-02
         3          6   6.3068033511482022E-03   1.2416856528070050E-01   4.8993521652048483E-02   3.4847359755777872E-02
         3          7   2.7957535059322209E-02   8.6858833400441621E-02   4.4384547406071589E-02   1.3210672872994158E-02
         3          8   0.0000000000000000E+00   1.7306507754457062E-02   6.3104140695811606E-03   6.3934009713845314E-03
         3          9   1.1479135472811895E-02   2.0839196456298217E-01   7.9968146326548417E-02   5.5244561865559434E-02
         3         10   4.9531296890653428E-02   1.2984342000797783E-01   6.7070881642007765E-02   1.0398269336459594E-02
         3         11   1.0362856395217620E-03   7.2658550397275451E-02   2.5855486896150984E-02   2.0115430397921748E-02
         3         12   9.9640183775331261E-03   6.6929761777135388E-02   2.7629236274660140E-02   1.4279136192832945E-02
         3         13   9.7732477562658505E-05   3.8793862387085962E-03   1.0004918475327333E-03   6.3942852580678650E-04
         3         14   2.0506872944680860E-03   3.5081116022619104E-02   1.2092850274129423E-02   6.1032036926566583E-03
         3         15   2.9917171020216512E-07   2.7505686505488736E-03   2.0469632513767899E-04   2.3203652750690626E-04
         3         16   2.0372620462557882E-02   1.4927107477283957E-01   7.0652100022939812E-02   2.5540544649305882E-02
         3         17   1.3881443916044984E-05   2.4135294064400924E-02   3.1039528809773411E-03   3.0136517526671014E-03
         3         18   9.3593319221096274E-02   2.9728364282401687E-01   1.9871716027087227E-01   4.1819002122354162E-02
         3         19   3.0236521539051274E-04   1.0694425365153265E-01   2.3159230933386378E-02   1.9624210362678959E-02
         3         20   2.0253592028249842E-01   2.9161234782404827E-01   2.7199460097641831E-01   1.5511934691870692E-02
         3         21   3.0918048840378933E-03   2.5118047256789267E-01   8.5310372823587069E-02   6.3997920567090638E-02
         3         22   1.4229861303063529E-01   2.2255408997213497E-01   1.8967200760079297E-01   1.3632758335012133E-02
         3         23   1.4877352130357442E-02   3.5583610224463663E-01   1.5676332803469609E-01   1.0609794494236213E-01
         3         24   5.8527994374189415E-02   1.3438804464386961E-01   9.6591399453550914E-02   1.0849312193558223E-02
         3         25   0.0000000000000000E+00   2.6249540535503808E-03   1.3278760444326046E-04   1.8812488522452705E-04
         3         26   3.3473761072384055E-02   3.3529784447807043E-01   1.4817700571403242E-01   9.4993890188657615E-02
         3         27   2.7405923613899565E-02   1.1821054373172395E-01   8.0717844378566272E-02   2.0292844929806372E-02
         3         28   0.0000000000000000E+00   1.1221341015831245E-02   1.0105922068387031E-03   1.2561153566538698E-03
         3         29   9.0067910711988108E-03   2.1722969210822582E-01   8.0869741943842319E-02   5.4996537828498233E-02
         3         30   3.8051154219473353E-02   1.3558042228237410E-01   6.9858878866721499E-02   7.4015318482340935E-03
         3         31   0.0000000000000000E+00   2.2519092336355524E-02   3.6988355689301857E-03   4.1354214732590589E-03
         3         32   9.6941640200293817E-04   1.0334436999807863E-01   3.3917806228199177E-02   2.7152194088183458E-02
         3         33   1.3899527295265593E-02   9.6437081071433214E-02   3.8841162306848039E-02   1.6394020309073262E-02
         3         34   0.0000000000000000E+00   2.1195954041235310E-02   6.5145088642605117E-03   6.7622590751656182E-03
         3         35   4.9165850642750013E-05   4.9435590548361170E-02   1.4348779855709716E-02   1.2616728043378378E-02
         3         36   1.9616189347686466E-03   5.2189800460340004E-02   1.6056121795517901E-02   1.3135499156125869E-02
         3         37   0.0000000000000000E+00   1.1495682196505810E-02   5.5096626160750107E-03   5.5245937257175411E-03
         3         38   1.5505057873201925E-01   9.9079367046205380E-01   5.0931319254118645E-01   2.8390782941546172E-01
         3         39   5.4945674642580289E-01   1.0104703023439301E+00   6.6123107118994973E-01   7.5187487372246189E-02
         3         40   0.0000000000000000E+00   1.1445435551143125E-01   4.5572744415926132E-02   3.9352293344401185E-02
         3         41   3.3857060054426680E-02   1.1542445193731724E-01   6.6571902829824087E-02   1.2782492370643458E-02
         3         42   5.3236737765585330E-02   1.5836026389814448E-01   8.7415746524712540E-02   2.0161494507020952E-02
         3         43   0.0000000000000000E+00   2.9820250648283059E-02   7.4652357753751787E-03   6.1000286144009359E-03
         3         44   1.2399900160812938E-02   9.5307048492027716E-02   4.8775193676208854E-02   1.4995113766061953E-02
         3         45   3.1764461956260190E-02   1.1896875386612396E-01   6.2007794993319626E-02   1.5948570550298111E-02
         3         46   0.0000000000000000E+00   2.6458861625636820E-02   5.6909966714444689E-03   5.3971725740112756E-03
         3         47   2.6495420285040174E-02   6.9735013300615079E-01   2.8536807114099477E-01   2.0547346063362015E-01
         3         48   1.5339011767985183E-01   6.1887016456361266E-01   2.8029017069874390E-01   1.0906320101847507E-01
         3         49   0.0000000000000000E+00   1.0880967083084016E-01   4.7151060535022625E-02   4.7333668540949642E-02
         3         50   6.6957884917174613E-03   4.3815556540169170E-01   1.6733399711487157E-01   1.2370848052606739E-01
         3         51   8.1573054682995749E-02   5.4844517446879126E-01   2.0240647385368046E-01   1.0279111170561750E-01
         3         52   0.0000000000000000E+00   9.5878511742062730E-02   3.7847931860218856E-02   3.7655373165399054E-02
         3         53   5.3948702992404930E-03   3.4886515090086340E-01   1.1404297511865416E-01   7.0709577700510187E-02
         3         54   8.9325681536200088E-02   3.7449010027419288E-01   1.6280139783984091E-01   4.5936486374698729E-02
         3         55   0.0000000000000000E+00   7.0512480420910004E-02   1.5546130404154578E-02   1.4822725768663529E-02
         3         56   1.7922916378821180E-02   1.8445740352937076E-01   8.5796998243482178E-02   2.6334512072474586E-02
         3         57   7.8655403396434578E-02   2.6583927717674494E-01   1.2486748953058437E-01   3.0406119445648958E-02
         3         58   0.0000000000000000E+00   4.4950621749601766E-02   6.2480599895006353E-03   6.6163132338929453E-03
         3         59   1.5810905423000302E-02   1.2445695221973652E-01   6.1140513277870762E-02   1.7218645551642906E-02
         3         60   3.9898035962984177E-02   1.6784880560310700E-01   7.9318711097842803E-02   2.0790753897665021E-02
         3         61   0.0000000000000000E+00   2.9737514559833669E-02   5.9005216501831700E-03   6.8967046743322073E-03
         3         62   3.2967841760725316E-03   8.0253175521043343E-02   3.6511421716676838E-02   1.4906345105340543E-02
         3         63   1.7278116831248046E-02   9.1381026324025977E-02   4.4639877730798777E-02   1.3300759077919574E-02
         3         64   0.0000000000000000E+00   2.2361197817385679E-02   4.9548585623147758E-03   4.7982301684083095E-03
         3         65   0.0000000000000000E+00   4.9511379001513124E-03   1.3574658265207984E-03   1.3826719430329309E-03
         3         66   2.5067655111759607E-03   2.6500482512579502E-02   1.1886853316752773E-02   7.5277786384114380E-03
         3         67   1.7846979137042264E-03   1.0779909571092304E-02   5.9517627041601046E-03   2.5064083263177548E-03
         3         68   0.0000000000000000E+00   2.8054946917300057E-03   8.2357338478141211E-04   8.3631716104970856E-04
         3         69   1.9547411816502923E-03   1.5776029821811453E-02   7.7075735022195547E-03   4.5907609486315823E-03
         3         70   1.1012116651859930E-03   4.8112796633875358E-03   2.8389691554552995E-03   9.9130461996826220E-04
         3         71   0.0000000000000000E+00   7.4686331265089981E-04   2.0335172093834805E-04   2.0924127479723758E-04
         3         72   9.5026717350850593E-04   1.1168939866865650E-02   5.0149283516582972E-03   3.1337557460819725E-03
         3         73   8.6339063891457404E-04   1.0418166774504399E-01   3.4006886357467007E-02   3.0917425270646538E-02
         3         74   3.4841816938219014E-02   2.8166735874962601E-01   1.3303039965161700E-01   8.3634925304824234E-02
         3         75   4.7253919310926276E-02   1.3115172999122851E-01   8.6496878276063380E-02   1.3810326074708033E-02
         3         76   3.6555347477664846E-04   2.7952476555796135E-02   1.0500487906079660E-02   8.9208987687393257E-03
         3         77   2.0949751069759201E-02   1.3038950068481331E-01   6.7945783094060880E-02   3.9705034514574890E-02
         3         78   0.0000000000000000E+00   7.6399232462632263E-02   1.9707915100414489E-02   2.0232824104556544E-02
         3         79   8.6022739428432103E-03   1.2701248637727117E-01   4.7472289819853596E-02   3.1981398493988115E-02
         3         80   0.0000000000000000E+00   3.0023237031128413E-03   6.6824585147175273E-04   6.9476886973149940E-04
         3         81   2.1838529669318749E-02   6.6824279008704912E-02   3.3107370598495375E-02   5.1757373066921514E-03
         3         82   0.0000000000000000E+00   6.7548181009451152E-03   1.7810295323579461E-03   1.8344532331125085E-03
         3         83   0.0000000000000000E+00   7.7335382529951910E-02   2.1280607227271098E-02   2.1661498814887822E-02
         3         84   1.7870247874165919E-02   1.9604263786023871E-01   8.3186353168126809E-02   5.4083303403160463E-02
         3         85   2.4466471874955646E-02   8.8332250855377104E-02   5.6792370806258784E-02   1.4071256832476967E-02
         3         86   0.0000000000000000E+00   1.1591441018210425E-02   3.2271718431497128E-03   3.3093963388544289E-03
         3         87   0.0000000000000000E+00   3.2587584325459627E-02   7.3135862057928935E-03   7.7706587712240297E-03
         3         88   1.7071450804023404E-03   5.1831824351865639E-02   1.4454652614010974E-02   1.1097074378520984E-02
         3         89   1.4695498407274027E-03   2.5200342535802708E-02   5.4753257994296801E-03   3.2814977399478291E-03
         3         90   0.0000000000000000E+00   2.8754127035776206E-02   8.1729333724333275E-03   8.2832709381804072E-03
         3         91   9.1971034407407875E-03   4.2089521327529349E-02   2.6005392957129912E-02   8.8266176202533003E-03
         3         92   0.0000000000000000E+00   2.0197214102223016E-02   3.8647438496204585E-03   4.2988392353479126E-03
         3         93   2.5442495873758048E-04   3.3799762141653110E-02   5.3723263937013226E-03   5.1824091047007236E-03
         3         94   5.5173925509245829E-05   1.3686208897322487E-02   8.9681394623137547E-04   1.1127536599539226E-03
         3         95   8.7244457999837606E-03   7.1517229658323023E-02   3.4197635203299617E-02   2.0930561367292266E-02
         3         96   0.0000000000000000E+00   3.0410176985396387E-02   7.5437123962258977E-03   7.8050408293156241E-03
         3         97   3.6210884269197337E-03   5.6987401433452912E-02   2.1095780798525851E-02   1.3899426625006834E-02
         3         98   7.4016922581545781E-03   9.1397199510941232E-02   3.7293423523968500E-02   2.3974163427067395E-02
         3         99   2.2973289685038916E-03   7.6895674793302360E-01   2.3164636920338544E-01   2.2015966400596823E-01
         3        100   9.5005231870523940E-02   1.4311892359651399E+00   4.6308257514098916E-01   3.1628171052783083E-01
         3        101   0.0000000000000000E+00   6.6151370911829363E-02   2.1200076998621795E-02   1.6307439499416172E-02
         3        102   1.0887895999276170E-01   7.4822688505638835E-01   2.2652959444697668E-01   8.8807829253150797E-02
         3        103   0.0000000000000000E+00   9.8513779077223557E-02   3.3189700014642581E-02   2.9072127923419476E-02
         3        104   1.2317294178291619E-02   8.7560969743133532E-01   2.9347217921848823E-01   2.5812107354114611E-01
         3        105   2.3040516450584103E-01   1.8825741081861094E+00   8.5357526837659259E-01   5.0518927330571595E-01
         3        106   0.0000000000000000E+00   5.6934949272172145E-02   1.3319864374552782E-02   1.0236077191997225E-02
         3        107   3.2572478218219475E-01   9.4488726970268166E-01   5.4273286803750953E-01   8.3034629090670262E-02
         3        108   0.0000000000000000E+00   1.9709654048824532E-01   6.5146864443237390E-02   5.7873083606070561E-02
         3        109   1.7401358372012005E-04   2.9021605263468014E-01   7.6389293848676695E-02   7.7003536140665921E-02
         3        110   1.3666275916937970E-02   5.0650604034157931E-01   1.1840090874898761E-01   1.0049142266007723E-01
         3        111   1.3486533125908939E-01   9.0310468026220292E-01   4.4963603676276082E-01   2.5501969035653660E-01
         3        112   1.7868348326499001E-01   4.7226059821494082E-01   2.9838388834871243E-01   4.3965018550148775E-02
         3        113   2.7815973761832795E-05   1.6457010313322104E-01   3.8598326061742613E-02   4.0850841557301919E-02
         3        114   1.7503550034288725E-03   3.1688174893920446E-01   4.3189871029271125E-02   4.7410871559096991E-02
         3        115   0.0000000000000000E+00   1.7460973748426749E-02   4.6373631543700543E-03   4.2081862930123644E-03
         3        116   1.9317986829504782E-04   2.1117104681287993E-01   6.7830617994793681E-03   1.2105558762679216E-02
         3        117   0.0000000000000000E+00   1.8282555267022715E-02   1.4658604133655716E-03   1.4519138579050809E-03
         3        118   3.8913904397588576E-03   1.4956001360612400E-01   5.8986278926370178E-02   4.7419420588262172E-02
         3        119   9.4574085870366531E-02   5.4239658656189671E-01   2.8678705087331580E-01   1.5371016586084990E-01
         3        120   0.0000000000000000E+00   1.2439936824798457E-02   2.0189841146766420E-03   1.8967346372966516E-03
         3        121   1.2605372692080616E-01   2.9095066901513944E-01   1.9808133448223458E-01   2.7914272970039268E-02
         3        122   0.0000000000000000E+00   6.2775357840320012E-02   2.4338131956902161E-02   2.2438947599064889E-02
         3        123   8.0168603015186573E-04   4.7359660190503267E-01   1.3922442076017483E-01   1.3497958854757228E-01
         3        124   5.5429440413058556E-02   8.2960706982348431E-01   2.8286682540417962E-01   1.9467097548146267E-01
         3        125   4.3720284265839999E-03   5.3079054954488747E-01   1.6944542237765667E-01   1.5544296485885645E-01
         3        126   1.2990430517683166E-01   1.1204642200478792E+00   5.0881156658848270E-01   3.1432764987880923E-01
         3        127   1.3531037028089568E-01   4.0739266876565317E-01   2.5059537750839855E-01   3.8609525633861469E-02
         3        128   7.5446026129090391E-02   5.5020307998948537E-01   2.7064498753636701E-01   1.6263558369423969E-01
